475358810,皐月君,29,1
36092718,琉达殊tenzin,28,1
382846289,凌某喵喵喵--,26,1
88258347,冻鱼翻身,26,1
1282543209,海底捞lO,25,1
65565989,名字不够s呢,25,1
119716,跳啊耀西,24,1
193021400,叫我文职就好,23,1
3546388786842388,看青山的黑侠,22,1
3690985523514020,正在观察人类,22,1
388136773,镹奕91,21,1
3546649406212823,Cameco_official,25,0
1724840561,览䘶不是懒汉,22,0
3493110730459358,包頭otto_Z,22,0
3494364485519906,郵驛薓鄕,22,0
3461573595106260,托尔列夫仓鼠君格勒,19,0
258914523,ac番剧娘,18,0
18060226,雨宮霧城Rishiro,17,0
3546683839350785,メ二アル_Ame,16,0
36304080,時崎神夜小同学,15,0
3706944718113617,极品舞灯NINA_小孩姐,15,0
38822387,绿叶-乘-风破浪-前行,15,0
65235906,苦橙幼果正在观察人类,14,0
391476451,端离_PauseF,13,0
470302567,a_secret_past,11,0
1169754262,Zero_Observer,10,0
7226089,饿-学不会散射,10,0
451338243,Mslv正在观察人类,9,0
1107870854,飴美夜リシロ,7,0
491378910,绘梦正在观察人类,6,0
3493107637160754,小胡几y,2,0
