149652883,木子不是木子狸,26,1
640879,摸鱼散人苏三望,26,1
3493110730459358,包頭otto_Z,24,1
22589642,冰柠檬扫地机,23,1
491378910,半笺绘梦,18,0
1169754262,Zero_Observer,17,0
510941286,阳光男孩游城十代,16,0
3546629093198795,衅钟111,15,0
785445,鸽鹉live_大杨叔,15,0
630889202,あなたが一番好きovo,13,0
1404549522,本鼓,12,0
1570146264,雾影提灯,12,0
2094570193,直播留档员,12,0
22302167,苏璐呀,12,0
74157631,血墨霊,12,0
12586930,立体角w,11,0
38822387,绿叶-乘-风破浪-前行,11,0
451338243,Mosalov,9,0
604403,三司あやせのパッド,9,0
689955798,Dolphin正在观察人类,8,0
401964279,MUYUE壹月一,5,0
1092162257,canyon_nico,4,0
